     0/299    0.445G   0.04005   0.02104   0.00142   0.06251        22       640    0.4974    0.9246    0.8441    0.4373   0.03564   0.01486 0.0001018
     1/299     1.45G   0.03878   0.01876 0.0003478   0.05789        23       640    0.4835     0.908    0.8241    0.4146   0.03632   0.01496 0.0001058
     2/299     1.45G    0.0384   0.01849 0.0002236   0.05712        19       640    0.4576    0.9095    0.8126    0.4099   0.03602   0.01528 0.0001084
     3/299     1.45G   0.03998   0.01836 0.0003152   0.05866        29       640    0.4283    0.8793    0.7142    0.3253   0.03861   0.01606 0.0002695
     4/299     1.45G   0.04238   0.01851 0.0004357   0.06132        17       640    0.3586    0.8612    0.6977    0.3086    0.0419   0.01659 0.0003713
     5/299     1.45G   0.04194   0.01851 0.0004028   0.06085        23       640     0.482    0.8416    0.7431    0.3367   0.04055   0.01592 0.0002965
     6/299     1.45G   0.04125   0.01921  0.000329   0.06078        21       640    0.3729    0.8205    0.6654    0.2949   0.04243   0.01748 0.0004536
     7/299     1.45G   0.04088   0.01812 0.0003773   0.05938        20       640    0.3871    0.8537    0.6791    0.2893   0.04182   0.01672 0.0002415
     8/299     1.46G   0.04034    0.0187 0.0002964   0.05934        15       640    0.3653     0.825    0.6217    0.2695   0.04149   0.01736 0.0002632
     9/299     1.53G   0.04018   0.01814 0.0002937   0.05861        18       640    0.4142     0.816    0.6376    0.2759   0.04226    0.0173 0.0003125
    10/299     1.59G   0.03924   0.01842 0.0002889   0.05795        15       640    0.4095    0.8341    0.6804    0.3068   0.04169   0.01678 0.0002386
    11/299     1.59G   0.03984   0.01783 0.0002649   0.05793        29       640    0.3753    0.8356    0.6816    0.2988   0.04176   0.01681 0.0002304
    12/299     1.59G   0.03922   0.01846 0.0002439   0.05793        20       640    0.4132    0.8054    0.6418    0.2877   0.04158   0.01737 0.0002389
    13/299     1.59G   0.03854   0.01813 0.0002189   0.05689        21       640     0.404    0.8265    0.6744    0.3173   0.04082   0.01685  0.000218
    14/299      1.6G    0.0384   0.01787 0.0002278    0.0565        10       640    0.4664    0.7994    0.7159    0.3315   0.04128   0.01657 0.0002949
    15/299      1.6G   0.03852    0.0179 0.0002591   0.05667        19       640    0.4413    0.7994    0.6871    0.3074   0.04211    0.0169 0.0002252
    16/299     1.61G   0.03774   0.01784 0.0003205    0.0559        25       640    0.3828    0.7707    0.5862    0.2546     0.043   0.01782 0.0002106
    17/299     1.61G   0.03803   0.01768 0.0002003   0.05591        20       640    0.4545     0.816    0.6887    0.3102   0.04239   0.01688 0.0002721
    18/299     1.61G   0.03681   0.01759 0.0002376   0.05464        19       640    0.3874    0.8235    0.6204    0.2676   0.04267   0.01734 0.0002166
    19/299     1.61G   0.03758   0.01758 0.0002012   0.05536        17       640    0.4416    0.7722    0.6132    0.2643   0.04294   0.01782  0.000215
    20/299     1.61G   0.03789   0.01833  0.000232   0.05645        22       640     0.389    0.7421    0.5892    0.2459   0.04375   0.01824 0.0002018
    21/299     1.61G   0.03788    0.0179 0.0002114   0.05599        13       640     0.383    0.8386    0.6648    0.3007   0.04162   0.01713 0.0002354
    22/299     1.61G   0.03737   0.01792 0.0001998   0.05549        22       640    0.4522    0.7964    0.6665    0.3101   0.04152   0.01716 0.0002242
    23/299     1.61G   0.03705   0.01799 0.0001835   0.05522        19       640    0.5057    0.7949     0.667    0.2884    0.0433   0.01756 0.0002412
    24/299     1.61G   0.03671   0.01746 0.0001978   0.05437        18       640    0.4151    0.7922     0.627    0.2747   0.04223   0.01779 0.0002156
    25/299     1.61G   0.03553   0.01727 0.0001548   0.05295        22       640    0.4117    0.7873    0.6291    0.2872    0.0425   0.01777 0.0002557
    26/299     1.61G   0.03657   0.01727  0.000197   0.05404        21       640    0.4451    0.7843    0.6657    0.3052   0.04312   0.01752 0.0002858
    27/299     1.61G   0.03597   0.01709  0.000174   0.05324        24       640    0.4655    0.7843    0.6788    0.3126   0.04252   0.01733  0.000219
    28/299     1.61G   0.03578   0.01727 0.0001699   0.05322        24       640    0.4339    0.7828    0.6424    0.2853   0.04264   0.01845 0.0003305
    29/299     1.61G    0.0357   0.01695 0.0001688   0.05282        17       640    0.4303    0.7979    0.6345    0.2855   0.04306   0.01748   0.00022
    30/299     1.61G   0.03588   0.01766 0.0001928   0.05373        24       640    0.4207    0.8009    0.6422    0.2842   0.04318    0.0183 0.0002895
    31/299     1.61G   0.03548   0.01739 0.0001898   0.05307        20       640    0.4941    0.7496    0.6576    0.3044   0.04405   0.01794 0.0004394
    32/299     1.61G   0.03537   0.01722 0.0001591   0.05275        16       640    0.4676    0.7481     0.649    0.2953   0.04392   0.01799 0.0002775
    33/299     1.61G   0.03493    0.0172 0.0001688    0.0523        20       640    0.4594    0.7828    0.6615    0.2927   0.04361   0.01759 0.0002744
    34/299     1.61G   0.03471   0.01657 0.0001662   0.05145        16       640    0.4999    0.7692      0.67    0.3085   0.04327   0.01789 0.0003903
    35/299     1.61G   0.03501   0.01665 0.0001861   0.05185        18       640    0.4514    0.7888    0.6567    0.2951   0.04278   0.01758 0.0002799
    36/299     1.61G   0.03493   0.01672  0.000173   0.05183        23       640    0.5015    0.7557    0.6635    0.2953     0.044   0.01781 0.0003015
    37/299     1.61G   0.03431   0.01638 0.0001532   0.05085        18       640    0.4212    0.7994    0.6468    0.2917   0.04238   0.01809 0.0002648
    38/299     1.61G   0.03504   0.01653 0.0001591   0.05172        15       640    0.4783    0.7716    0.6634     0.293   0.04385   0.01806 0.0002828
    39/299     1.61G   0.03455    0.0169 0.0001739   0.05163        22       640    0.4503    0.7421    0.6297    0.2805   0.04319   0.01847 0.0002781
    40/299     1.61G    0.0344   0.01697 0.0001464   0.05152        21       640    0.4503    0.8084    0.6477    0.2832   0.04271   0.01764 0.0002021
    41/299     1.61G     0.034   0.01634  0.000146   0.05049        20       640    0.4707    0.7888    0.6923    0.3171   0.04326   0.01736 0.0003953
    42/299     1.61G   0.03302   0.01632 0.0001684   0.04951        23       640    0.5026    0.7813    0.6735    0.3053   0.04316   0.01803 0.0002757
    43/299     1.61G   0.03396   0.01617 0.0001732    0.0503        23       640    0.4734    0.7738    0.6453    0.2768   0.04317   0.01799 0.0001727
    44/299     1.61G   0.03306   0.01631 0.0001619   0.04954        20       640    0.5094    0.7753    0.6896    0.3168   0.04313   0.01758 0.0002581
    45/299     1.61G   0.03336    0.0163 0.0001438    0.0498        20       640    0.5123    0.7707    0.6819    0.3094   0.04323    0.0178 0.0002305
    46/299     1.61G   0.03322   0.01644 0.0001536   0.04981        17       640    0.4433    0.7813     0.638    0.2874   0.04279    0.0179 0.0002732
    47/299     1.61G   0.03351   0.01619 0.0001405   0.04985        15       640    0.4633    0.7587    0.6166    0.2638   0.04371   0.01879  0.000302
    48/299     1.61G   0.03351   0.01605 0.0001677   0.04973        27       640    0.4905    0.7783    0.6801    0.3042   0.04248   0.01791 0.0002824
    49/299     1.61G   0.03339   0.01612 0.0001499   0.04966        26       640    0.4768    0.8012      0.65    0.2927   0.04216   0.01795 0.0001988
    50/299     1.61G   0.03335   0.01628 0.0001584   0.04979        21       640    0.4805    0.7677    0.6358    0.2954   0.04306   0.01824 0.0002442
    51/299     1.61G   0.03276     0.016 0.0001453   0.04891        17       640    0.4765    0.7919    0.6545    0.2974   0.04273     0.018 0.0002461
    52/299     1.61G   0.03323   0.01585 0.0001411   0.04922        28       640    0.4909    0.7979    0.6744     0.306   0.04212   0.01743 0.0003018
    53/299     1.61G   0.03267   0.01581 0.0001404   0.04863        18       640    0.4834    0.7451    0.6296    0.2761   0.04339    0.0187 0.0003275
    54/299     1.61G   0.03322   0.01609 0.0001473   0.04946        22       640    0.4911    0.7617    0.6282     0.269   0.04384   0.01851 0.0002898
    55/299     1.61G   0.03207   0.01592 0.0001145   0.04811        15       640    0.4931    0.7511    0.6577    0.2934   0.04329   0.01847 0.0002646
    56/299     1.61G   0.03318   0.01589 0.0001578   0.04923        26       640    0.4966    0.7541    0.6338    0.2765   0.04315   0.01826 0.0003706
    57/299     1.61G   0.03224   0.01603 0.0001385   0.04841        15       640     0.482    0.7511    0.6464    0.2867    0.0443   0.01802 0.0002474
    58/299     1.61G   0.03219   0.01542 0.0001548   0.04777        24       640    0.5045    0.7572    0.6601    0.2982   0.04318   0.01833 0.0002995
    59/299     1.61G   0.03258   0.01584 0.0001462   0.04856        17       640    0.4947    0.7903    0.6784    0.3049   0.04219   0.01818 0.0003451
    60/299     1.61G   0.03216   0.01574 0.0001309   0.04804        22       640    0.4604    0.7707    0.6545    0.2817   0.04369   0.01876  0.000213
    61/299     1.61G    0.0323   0.01557 0.0001256     0.048        25       640    0.4886    0.7662    0.6441     0.294   0.04324   0.01827 0.0002486
    62/299     1.61G   0.03192   0.01601 0.0001413   0.04807        16       640    0.4584    0.7587    0.6336    0.2816   0.04411   0.01851 0.0003088
    63/299     1.61G   0.03199   0.01568 0.0001328    0.0478        12       640    0.5011    0.7587    0.6231    0.2801   0.04346   0.01869 0.0003527
    64/299     1.61G   0.03217   0.01608 0.0001227   0.04837        20       640    0.4259    0.7602    0.5859    0.2559   0.04344   0.01901 0.0002348
    65/299     1.61G    0.0318    0.0162 0.0001352   0.04813        26       640     0.441    0.7526    0.6209    0.2844   0.04317   0.01849 0.0002092
    66/299     1.61G   0.03164   0.01524 0.0001481   0.04703        12       640    0.4862    0.7237    0.6203    0.2796   0.04348   0.01939 0.0003694
    67/299     1.61G   0.03132    0.0155 0.0001206   0.04694        20       640    0.4529    0.7391    0.6052    0.2623   0.04421   0.01864 0.0001557
    68/299     1.61G   0.03124   0.01546 0.0001358   0.04684        15       640    0.4957    0.7345    0.6178    0.2764   0.04376   0.01923 0.0002785
    69/299     1.61G    0.0312   0.01564 0.0001216   0.04696        14       640    0.4394    0.7526    0.6146    0.2805   0.04404   0.01894 0.0002335
    70/299     1.61G   0.03164   0.01535 0.0001253   0.04711        15       640       0.5    0.7436     0.646    0.2956   0.04284   0.01879 0.0003748
    71/299     1.61G   0.03108   0.01536 0.0001195   0.04656        27       640     0.498    0.7632    0.6724    0.3119   0.04329   0.01872 0.0002654
    72/299     1.61G   0.03096   0.01552 0.0001326   0.04661        11       640    0.4704     0.736    0.6238    0.2829   0.04424   0.01885 0.0003017
    73/299     1.61G   0.03034   0.01532 0.0001235   0.04579        14       640    0.5109    0.7164    0.5991    0.2666   0.04501   0.01985 0.0005352
    74/299     1.61G   0.03097   0.01503 0.0001293   0.04613        22       640    0.4339    0.7919      0.65     0.288   0.04324   0.01886 0.0001936
    75/299     1.61G   0.03049    0.0152  0.000128   0.04582        12       640    0.5131    0.7451    0.6396    0.3016   0.04336   0.01902 0.0004108
    76/299     1.61G   0.03017   0.01489 0.0001091   0.04517        19       640    0.5165     0.724    0.6361    0.2849   0.04462   0.01956 0.0004071
    77/299     1.61G   0.03003   0.01505 0.0001223    0.0452        15       640    0.4732    0.7376    0.6045    0.2746   0.04429   0.01977 0.0003452
    78/299     1.61G   0.03026   0.01518 0.0001228   0.04556        23       640    0.4755    0.7511     0.643    0.2892   0.04415    0.0189 0.0003523
    79/299     1.61G    0.0308    0.0151 0.0001105   0.04601        22       640    0.4884    0.7617    0.6548    0.2917   0.04343    0.0191  0.000301
    80/299     1.61G   0.03016   0.01491 0.0001255   0.04519        16       640    0.5041     0.736    0.6392    0.2993     0.043   0.01862 0.0002364
    81/299     1.61G   0.03058   0.01492 0.0001158   0.04562        30       640    0.4799    0.7617     0.648    0.3036   0.04348   0.01893 0.0003668
    82/299     1.61G   0.03036   0.01459 0.0001056   0.04506        20       640    0.5092    0.7436     0.659    0.3034   0.04436   0.01875 0.0003286
    83/299     1.61G   0.02947   0.01501 0.0001156   0.04459        20       640    0.4967    0.7481    0.6325     0.276   0.04438   0.01889 0.0002207
    84/299     1.61G   0.02949   0.01505 0.0001196   0.04466        19       640    0.5021    0.7541    0.6522    0.3038   0.04437   0.01854 0.0003715
    85/299     1.61G   0.02994   0.01464 0.0001146    0.0447        16       640    0.5473    0.7466    0.6828    0.3242   0.04356   0.01889 0.0003644
    86/299     1.61G   0.02882   0.01477  9.29e-05   0.04368        17       640    0.5322    0.7315    0.6344    0.2843   0.04454   0.01914 0.0004592
    87/299     1.61G    0.0299   0.01541 9.768e-05    0.0454        18       640    0.5077     0.727    0.6198    0.2782   0.04433   0.01915 0.0003602
    88/299     1.61G   0.02952   0.01511 0.0001206   0.04475        24       640    0.5253    0.7345    0.6358    0.2868   0.04441    0.0192 0.0004129
    89/299     1.61G   0.02952   0.01462 0.0001097   0.04426        16       640    0.5241     0.727    0.6354    0.2897    0.0448   0.01945 0.0006422
    90/299     1.61G   0.02924   0.01495 0.0001069    0.0443        21       640    0.5307    0.7436    0.6529    0.2926   0.04359   0.01893 0.0003477
    91/299     1.61G   0.02937   0.01457 0.0001199   0.04406        26       640    0.5386    0.7376    0.6481     0.294   0.04401   0.01903 0.0004031
    92/299     1.61G   0.02888   0.01438 0.0001157   0.04338        19       640     0.535    0.7445    0.6314    0.2791   0.04352   0.01928 0.0003451
    93/299     1.61G   0.02895   0.01501 9.441e-05   0.04405        26       640    0.5274    0.7632    0.6411    0.2937   0.04296   0.01886 0.0002888
    94/299     1.61G   0.02888   0.01453 0.0001022   0.04351        21       640    0.5278    0.7315    0.6157    0.2793   0.04353   0.01942 0.0002748
    95/299     1.61G   0.02886   0.01461 0.0001123   0.04358        24       640    0.5016    0.7345    0.6213    0.2851   0.04381   0.01939 0.0003024
    96/299     1.61G   0.02857   0.01457 0.0001282   0.04327        20       640    0.5404    0.7436    0.6427    0.2932   0.04407   0.01909 0.0003434
    97/299     1.61G    0.0288   0.01457 0.0001028   0.04348        19       640    0.4995    0.7406    0.6211    0.2795    0.0445   0.01919 0.0005553
    98/299     1.61G   0.02905   0.01419 0.0001129   0.04335        20       640    0.5277    0.7587    0.6499    0.2847   0.04333   0.01937 0.0002715
    99/299     1.61G   0.02859    0.0141 0.0001139    0.0428        18       640    0.5119    0.7768    0.6566    0.2864   0.04334    0.0187  0.000238
   100/299     1.61G   0.02873   0.01436 0.0001086    0.0432        21       640     0.515      0.73    0.6213    0.2796   0.04298    0.0194 0.0005674
   101/299     1.61G   0.02865   0.01415  9.85e-05    0.0429        18       640    0.4933    0.7617    0.6323    0.2844    0.0442   0.01935 0.0003863
   102/299     1.61G   0.02849   0.01451 0.0001071    0.0431        19       640    0.4816    0.7526    0.6177     0.284   0.04397   0.01917 0.0002687
   103/299     1.61G   0.02843   0.01425 0.0001119   0.04279        20       640    0.5275    0.7406    0.6443    0.2978   0.04386   0.01967 0.0004272
   104/299     1.61G   0.02825   0.01431 0.0001057   0.04266        22       640    0.5163    0.7421    0.6154    0.2789   0.04342   0.01974 0.0005227
   105/299     1.61G   0.02784   0.01371 9.888e-05   0.04165        19       640    0.4915    0.7526    0.6252    0.2779   0.04496   0.01946 0.0004268
   106/299     1.61G    0.0283   0.01434 0.0001078   0.04274        22       640    0.5222      0.76     0.636     0.296   0.04332   0.01915 0.0003368
   107/299     1.61G   0.02826   0.01431 0.0001002   0.04267        19       640    0.5112    0.7376    0.6282     0.285   0.04463   0.01949 0.0003214
   108/299     1.61G   0.02828   0.01427 0.0001048   0.04266        30       640    0.5087    0.7511    0.6359    0.2889   0.04389   0.01915 0.0003045
   109/299     1.61G   0.02798   0.01417 9.063e-05   0.04223        23       640     0.515    0.7315    0.6112    0.2762   0.04422   0.01971 0.0003168
   110/299     1.61G   0.02757   0.01396 8.608e-05   0.04162        18       640    0.5513    0.7339    0.6284    0.2765    0.0437   0.01963 0.0004939
   111/299     1.61G   0.02766   0.01438 9.142e-05   0.04213        20       640     0.532    0.7481    0.6341    0.2878   0.04393   0.01917 0.0003758
   112/299     1.61G   0.02802   0.01424 9.172e-05   0.04235        14       640    0.5638    0.7309    0.6316    0.2825   0.04497   0.01907 0.0003802
   113/299     1.61G   0.02768   0.01371 9.617e-05   0.04148        24       640    0.4958    0.7753    0.6311    0.2891   0.04323   0.01945 0.0002807
   114/299     1.61G   0.02743   0.01365 0.0001089   0.04118        27       640     0.538    0.7421    0.6241    0.2801   0.04376    0.0198 0.0005616
   115/299     1.61G    0.0275   0.01423 9.018e-05   0.04183        24       640    0.5229    0.7496    0.6263    0.2848   0.04456   0.01954 0.0004692
   116/299     1.61G   0.02755   0.01398 0.0001039   0.04163        25       640    0.4825     0.736     0.628    0.2845   0.04411   0.01937 0.0004516
   117/299     1.61G   0.02703   0.01357 8.056e-05   0.04068        24       640    0.5509    0.7421      0.64    0.2888   0.04381   0.01935 0.0003919
   118/299    0.365G   0.02674   0.01339 8.686e-05   0.04022        22       640    0.5053    0.7195    0.5952     0.266   0.04627   0.01997 0.0005028
   119/299     1.47G   0.02668   0.01372 9.391e-05   0.04049        23       640    0.5151     0.727    0.6217     0.279   0.04429   0.01961 0.0003171
   120/299     1.47G   0.02636   0.01354 8.415e-05   0.03998        19       640    0.4892    0.7285    0.5969    0.2695    0.0439   0.02005 0.0003447
   121/299     1.47G   0.02637   0.01349 9.406e-05   0.03995        29       640    0.5427    0.6848    0.5987    0.2597   0.04575   0.02088  0.000641
   122/299     1.47G   0.02655   0.01353 9.115e-05   0.04018        17       640    0.5492    0.7134    0.6229    0.2795   0.04471   0.02069 0.0003907
   123/299     1.48G   0.02595   0.01341 9.353e-05   0.03945        23       640    0.5218    0.7255    0.6101    0.2694   0.04435   0.02016 0.0003816
   124/299      1.5G   0.02661   0.01385 9.635e-05   0.04055        21       640     0.485    0.7496    0.6084    0.2672   0.04407   0.02045 0.0003178
   125/299     1.56G   0.02604   0.01307 9.276e-05    0.0392        20       640    0.4744    0.7436    0.6139    0.2841   0.04405   0.01958 0.0003987
   126/299     1.56G   0.02666   0.01344  8.85e-05   0.04019        15       640    0.5304    0.7104    0.6211    0.2792   0.04446   0.02034 0.0006595
   127/299     1.56G   0.02717   0.01363 8.603e-05   0.04089        18       640    0.5339    0.7074     0.606    0.2606   0.04518   0.02108 0.0007318
   128/299     1.56G   0.02611   0.01337 9.254e-05   0.03958        15       640    0.5594      0.73    0.6339    0.2852   0.04491   0.01976 0.0003848
   129/299     1.58G   0.02619   0.01294 8.824e-05   0.03922        29       640    0.5274    0.7255    0.6396    0.2916     0.044   0.01981 0.0006137
   130/299     1.59G   0.02566   0.01359 9.077e-05   0.03934        20       640    0.5402    0.7255    0.6336    0.2841   0.04488   0.01968 0.0004632
   131/299     1.59G   0.02561   0.01332 8.645e-05   0.03901        21       640    0.5592    0.7089    0.6365     0.292   0.04431   0.02008 0.0005697
   132/299     1.59G   0.02567   0.01325 9.946e-05   0.03902        10       640      0.56    0.7074    0.6078    0.2737   0.04515   0.02083 0.0004799
   133/299     1.59G   0.02591   0.01345 8.396e-05   0.03945        19       640    0.5324    0.7195    0.6244    0.2728   0.04534   0.02061 0.0005114
   134/299     1.59G   0.02552   0.01313 8.458e-05   0.03874        25       640    0.5356    0.7255    0.6366    0.2905   0.04451   0.01975 0.0005239
   135/299     1.59G   0.02545   0.01294 7.992e-05   0.03847        20       640    0.5594    0.7074    0.6184    0.2729   0.04514   0.02049 0.0005139
   136/299     1.59G    0.0252   0.01299 8.724e-05   0.03828        19       640    0.5207     0.736    0.6153    0.2688   0.04506   0.02054 0.0004106
   137/299     1.59G   0.02577   0.01306 8.651e-05   0.03892        17       640    0.5243    0.7315     0.626    0.2864   0.04409    0.0206  0.000585
   138/299     1.59G   0.02515   0.01326 7.959e-05   0.03849        22       640    0.5184    0.7104    0.6059    0.2682    0.0453   0.02051 0.0004442
   139/299     1.59G   0.02545    0.0131  8.54e-05   0.03863        13       640    0.5034    0.7285    0.6077    0.2696   0.04472   0.02064 0.0004617
   140/299     1.59G   0.02516   0.01323 8.363e-05   0.03847        22       640    0.5668    0.7134    0.6291     0.283   0.04437   0.02128 0.0005867
   141/299     1.59G   0.02512   0.01324 7.341e-05   0.03843        19       640    0.5733    0.6983    0.6104    0.2756   0.04492   0.02117 0.0007211
   142/299     1.59G   0.02492   0.01284 7.299e-05   0.03783        18       640    0.5707    0.7285    0.6439    0.2836   0.04476    0.0204 0.0006081
   143/299     1.59G   0.02502   0.01307 7.488e-05   0.03816        22       640    0.5537    0.6923    0.6265    0.2749   0.04508    0.0212 0.0005145
   144/299     1.59G   0.02522   0.01305 7.818e-05   0.03835        21       640    0.5419    0.7225    0.6279     0.293    0.0444    0.0202 0.0004242
   145/299     1.59G   0.02441   0.01271 8.334e-05   0.03721        24       640    0.5548    0.6711    0.5933     0.269   0.04499   0.02193 0.0006553
   146/299     1.59G   0.02425   0.01285 7.138e-05   0.03717        24       640    0.5901    0.6938    0.6139    0.2699   0.04495   0.02147 0.0005178
   147/299     1.59G   0.02462    0.0126 7.442e-05    0.0373        17       640    0.5555    0.7124    0.6253    0.2873   0.04551   0.02075 0.0004229
   148/299     1.59G   0.02455   0.01332 8.309e-05   0.03796        24       640    0.5547    0.7134    0.6187     0.275   0.04475   0.02124 0.0006258
   149/299     1.59G   0.02477   0.01317 7.568e-05   0.03802        20       640    0.5807    0.6935    0.6177    0.2719   0.04533   0.02128 0.0007093
   150/299     1.59G   0.02451   0.01291 6.756e-05   0.03749        16       640    0.5646    0.7081     0.615    0.2864     0.045   0.02099 0.0006576
   151/299     1.59G   0.02456   0.01304 7.151e-05   0.03767        20       640     0.532    0.7059    0.6223    0.2818   0.04404   0.02078 0.0005325
   152/299     1.59G   0.02457   0.01261 7.776e-05   0.03725        16       640    0.5945    0.7179    0.6433    0.2916   0.04432   0.02141 0.0005049
   153/299     1.59G    0.0242   0.01269 7.435e-05   0.03696        18       640    0.5733    0.6802    0.6228    0.2878   0.04445   0.02122 0.0004945
   154/299     1.59G   0.02404   0.01258 6.237e-05   0.03669        23       640    0.5978    0.7044    0.6444    0.2847   0.04487   0.02168 0.0007441
   155/299     1.59G   0.02395   0.01241 6.569e-05   0.03643        18       640    0.5268    0.6938    0.6039    0.2732   0.04503   0.02177 0.0004977
   156/299     1.59G   0.02415   0.01253 6.843e-05   0.03675        15       640    0.5564    0.7014    0.6225    0.2829   0.04541   0.02078  0.000499
   157/299     1.61G   0.02458   0.01275 6.986e-05    0.0374        22       640    0.5418    0.7225    0.6353    0.2871   0.04482   0.02101 0.0005038
   158/299     1.61G   0.02401   0.01274  8.18e-05   0.03683        21       640    0.5942    0.7225    0.6315    0.2925   0.04435   0.02116 0.0006568
   159/299     1.61G   0.02368   0.01235 7.195e-05    0.0361        20       640    0.5534    0.7225    0.6243    0.2888   0.04424   0.02115 0.0005433
   160/299     1.61G   0.02306    0.0122 6.789e-05   0.03532        23       640    0.6027    0.7376    0.6472    0.2928   0.04447    0.0212 0.0008439
   161/299     1.61G   0.02359   0.01214 7.171e-05    0.0358        23       640    0.5732    0.7104    0.6312    0.2859    0.0443   0.02216 0.0009283
   162/299     1.61G   0.02329   0.01233 6.868e-05   0.03569        20       640    0.5972    0.6983    0.6223    0.2889   0.04496   0.02155 0.0009207
   163/299     1.61G   0.02344   0.01218 6.677e-05   0.03569        20       640    0.5699     0.727    0.6142    0.2797   0.04314   0.02113 0.0006879
   164/299     1.61G   0.02369   0.01242 7.077e-05   0.03618        17       640    0.5975    0.6983    0.6264    0.2861   0.04461   0.02142 0.0009776
   165/299     1.61G   0.02369   0.01233 6.817e-05   0.03608        15       640    0.5807    0.7014    0.6069    0.2656   0.04447   0.02206 0.0004347
   166/299     1.61G   0.02348   0.01212 6.291e-05   0.03566        27       640    0.5524    0.6968    0.6142    0.2738   0.04473   0.02134 0.0004437
   167/299     1.61G   0.02342   0.01238 6.342e-05   0.03586        26       640    0.5603    0.7029    0.6173    0.2821   0.04445   0.02158 0.0005414
   168/299     1.61G   0.02332    0.0122 6.202e-05   0.03559        21       640    0.5871    0.6908    0.6082     0.279   0.04512   0.02192 0.0007681
   169/299     1.61G   0.02331   0.01226 5.893e-05   0.03563        17       640    0.5717    0.6945    0.6197     0.277    0.0448    0.0214 0.0005452
   170/299     1.61G   0.02316   0.01212 6.263e-05   0.03534        28       640    0.5622    0.7029    0.6276    0.2885   0.04397   0.02156  0.000575
   171/299     1.61G   0.02315   0.01215 6.121e-05   0.03536        18       640    0.5322    0.7225    0.6156    0.2738   0.04444   0.02132 0.0005451
   172/299     1.61G   0.02318   0.01227 6.487e-05   0.03552        22       640    0.5974     0.696    0.6075    0.2657    0.0454   0.02197 0.0008795
   173/299     1.61G     0.023   0.01219 6.815e-05   0.03525        15       640    0.5513    0.7225    0.6077    0.2676   0.04549   0.02155 0.0006189
   174/299     1.61G   0.02281   0.01199 6.413e-05   0.03487        26       640    0.5621    0.6998    0.6009    0.2692   0.04506   0.02192 0.0008366
   175/299     1.61G   0.02288   0.01218 5.965e-05   0.03512        15       640    0.5656    0.7104    0.6182    0.2787   0.04574   0.02145 0.0007145
   176/299     1.61G   0.02226   0.01167   6.4e-05     0.034        24       640    0.5739    0.7044    0.6303    0.2848   0.04519   0.02155 0.0006696
   177/299     1.61G   0.02258   0.01195  6.21e-05    0.0346        17       640    0.5754     0.724    0.6273    0.2787   0.04442   0.02166 0.0008848
   178/299     1.61G   0.02265   0.01189 6.095e-05    0.0346        22       640     0.574    0.7029     0.618    0.2737   0.04437   0.02233 0.0006485
   179/299     1.61G   0.02273    0.0118 5.743e-05   0.03458        25       640    0.5761    0.6938    0.5937    0.2753   0.04648   0.02227 0.0005819
   180/299     1.61G    0.0228   0.01218 5.552e-05   0.03504        16       640    0.5844    0.7044    0.6284    0.2827   0.04499   0.02205 0.0005925
   181/299     1.67G   0.02241   0.01189 6.081e-05   0.03436        12       640    0.5982    0.7074    0.6158    0.2799   0.04516   0.02165  0.000719
   182/299     1.69G   0.02262   0.01197 5.925e-05   0.03465        20       640    0.6043    0.6702    0.5957    0.2697   0.04501   0.02255  0.001112
   183/299      1.7G   0.02234   0.01223 6.077e-05   0.03463        26       640    0.5519    0.6953    0.5995    0.2772   0.04476    0.0219 0.0006434
   184/299     1.77G   0.02196   0.01154 5.748e-05   0.03356        12       640    0.5994    0.6769    0.6007    0.2866   0.04561   0.02197 0.0008759
   185/299     1.78G   0.02263   0.01199 5.997e-05   0.03467        20       640     0.549    0.7051    0.6176    0.2874   0.04436   0.02152 0.0005352
   186/299     1.79G   0.02203   0.01177  5.63e-05   0.03386        15       640    0.5862    0.6908    0.6047    0.2797   0.04414   0.02187 0.0006529
   187/299     1.81G    0.0218   0.01198 5.493e-05   0.03384        14       640    0.5874    0.7014    0.6219     0.284   0.04409   0.02175 0.0008468
   188/299     1.87G   0.02257   0.01178 5.494e-05   0.03441        15       640    0.5806    0.7017    0.6204    0.2863   0.04447   0.02131 0.0005726
   189/299     1.88G   0.02203    0.0117 5.323e-05   0.03379        27       640    0.5833    0.7149    0.6469    0.3078   0.04347   0.02092 0.0006186
   190/299     1.88G   0.02143   0.01178 5.855e-05   0.03326        11       640    0.5808    0.7044      0.62     0.286   0.04461   0.02142  0.000704
   191/299     1.88G   0.02144   0.01164 5.727e-05   0.03314        14       640    0.5994    0.7041    0.6169    0.2927   0.04445   0.02154 0.0006668
   192/299     1.88G   0.02156   0.01139 5.726e-05     0.033        22       640    0.5915    0.7029     0.627    0.2951   0.04431   0.02186 0.0009186
   193/299     1.88G   0.02184   0.01152 5.401e-05   0.03341        12       640    0.5968    0.6908    0.6072    0.2858   0.04455   0.02244  0.001113
   194/299     1.88G   0.02126   0.01138  5.31e-05   0.03269        19       640    0.5836    0.7044    0.6162    0.2802   0.04569   0.02187 0.0007269
   195/299     1.88G   0.02127   0.01155 4.833e-05   0.03286        15       640    0.5815    0.7029     0.611    0.2764   0.04531   0.02188 0.0005077
   196/299     1.88G   0.02183   0.01162 5.003e-05    0.0335        23       640    0.5633    0.7074    0.6175    0.2832   0.04565   0.02152  0.000513
   197/299     1.88G   0.02156   0.01155 4.893e-05   0.03315        22       640    0.6202    0.6953    0.6045    0.2849   0.04498   0.02222 0.0006179
   198/299     1.88G    0.0213   0.01136  4.98e-05   0.03271        16       640    0.6105    0.7014    0.6181    0.2866   0.04451   0.02217  0.000615
   199/299     1.88G   0.02153   0.01147 5.143e-05   0.03305        30       640    0.6061    0.6878    0.6119    0.2821   0.04451   0.02223 0.0006266
   200/299     1.88G   0.02121    0.0111 5.115e-05   0.03236        20       640    0.6044    0.7028    0.6229    0.2824   0.04464   0.02244  0.000595
   201/299     1.88G    0.0212   0.01159 4.785e-05   0.03284        20       640    0.5623    0.7255    0.6244    0.2755   0.04462   0.02162 0.0003142
   202/299     1.88G   0.02071   0.01155 4.902e-05   0.03232        19       640    0.6025    0.6787    0.6092    0.2751   0.04523    0.0227 0.0005521
   203/299     1.88G    0.0212   0.01117 5.094e-05   0.03242        16       640    0.6027     0.691    0.6313    0.2925   0.04451   0.02206 0.0006145
   204/299     1.88G    0.0204   0.01128 5.093e-05   0.03173        17       640    0.5907    0.6817    0.6069    0.2807    0.0443    0.0224 0.0005374
   205/299     1.88G   0.02141   0.01203 5.325e-05   0.03349        18       640    0.5946    0.7044    0.6345    0.2897   0.04439    0.0222 0.0006323
   206/299     1.88G   0.02071   0.01166 4.652e-05   0.03242        24       640    0.5923    0.6923    0.6056    0.2756   0.04441   0.02229 0.0006607
   207/299     1.88G   0.02053   0.01117 4.784e-05   0.03174        16       640    0.6234    0.7029    0.6211    0.2781   0.04469   0.02257 0.0005921
   208/299     1.88G   0.02053   0.01138 4.477e-05   0.03195        21       640    0.5977    0.6998    0.6155    0.2773   0.04436   0.02287 0.0005583
   209/299     1.88G   0.02073   0.01113 4.634e-05   0.03191        26       640    0.6336    0.6727    0.6129     0.276   0.04551   0.02302  0.001038
   210/299     1.88G   0.02057   0.01106  4.56e-05   0.03168        19       640    0.6044    0.6817    0.6076    0.2759   0.04588   0.02264   0.00102
   211/299     1.88G    0.0203   0.01154  5.02e-05    0.0319        26       640    0.5933    0.6802    0.5912    0.2717   0.04478   0.02241 0.0008574
   212/299     1.88G   0.02016   0.01117 4.434e-05   0.03138        21       640    0.6168    0.6848     0.611    0.2803   0.04452   0.02271 0.0008577
   213/299     1.88G   0.02068   0.01133 4.208e-05   0.03206        24       640    0.6038    0.6772    0.6013    0.2822   0.04453   0.02298 0.0007978
   214/299     1.88G   0.02061   0.01119 4.594e-05   0.03184        20       640    0.5758    0.6833    0.6073    0.2797   0.04557   0.02258 0.0006299
   215/299     1.88G   0.02022   0.01118 4.176e-05   0.03144        19       640    0.6198    0.6811    0.5966    0.2762   0.04632   0.02278 0.0009685
   216/299     1.88G   0.02065   0.01091 4.441e-05   0.03161        20       640    0.5853    0.6802    0.6067    0.2748   0.04504   0.02297 0.0007539
   217/299     1.88G      0.02   0.01073  4.35e-05   0.03077        18       640    0.5599    0.6968    0.6065    0.2696   0.04494   0.02306 0.0007132
   218/299     1.88G   0.02003   0.01084 4.014e-05    0.0309        21       640    0.6219    0.6878    0.6128    0.2798   0.04475   0.02297 0.0006622
   219/299     1.88G   0.02017   0.01074  3.83e-05   0.03095        18       640    0.5842    0.7089     0.603    0.2701   0.04458   0.02286 0.0006218
   220/299     1.88G   0.02026   0.01128 4.049e-05   0.03158        19       640    0.5852    0.7044    0.5994    0.2752   0.04476   0.02259 0.0005633
   221/299     1.88G    0.0203   0.01105 3.858e-05   0.03139        20       640    0.6062    0.6968    0.6206    0.2838   0.04551   0.02293 0.0007997
   222/299     1.88G    0.0198   0.01098 3.955e-05   0.03082        22       640    0.6192    0.6727    0.6026     0.277   0.04554   0.02295 0.0008687
   223/299     1.88G   0.01965   0.01052 3.791e-05   0.03021        19       640    0.6094    0.6833    0.6028     0.271   0.04518   0.02316 0.0009574
   224/299     1.88G   0.01973   0.01096 4.098e-05   0.03074        22       640    0.5972    0.6863    0.6114     0.276   0.04539   0.02291  0.000786
   225/299     1.88G   0.01995     0.011 3.892e-05   0.03099        19       640    0.5795    0.6833    0.6025    0.2734   0.04572   0.02299 0.0006568
   226/299     1.88G   0.01982   0.01099 3.687e-05   0.03085        30       640    0.6097    0.6787    0.6053    0.2738   0.04557   0.02286 0.0005435
   227/299     1.88G   0.02012   0.01093 3.897e-05   0.03109        23       640    0.5879    0.6878    0.5987    0.2793   0.04564   0.02239 0.0004575
   228/299     1.88G   0.01951    0.0106 3.717e-05   0.03014        18       640    0.6135    0.6637    0.5952    0.2825   0.04464   0.02371 0.0007104
   229/299     1.88G   0.01987   0.01105 3.704e-05   0.03095        20       640    0.6116    0.6848    0.6066    0.2823   0.04501   0.02264 0.0007097
   230/299     1.88G   0.01979   0.01085 3.648e-05   0.03067        14       640    0.6223    0.6883    0.6195    0.2899   0.04496   0.02285 0.0007828
   231/299     1.88G   0.01959   0.01064 3.739e-05   0.03027        24       640    0.5942    0.6847    0.6037    0.2778   0.04503   0.02282  0.000823
   232/299     1.88G   0.01948   0.01057 3.777e-05    0.0301        27       640    0.6337    0.6908     0.611    0.2835    0.0448   0.02262 0.0008367
   233/299     1.88G   0.01943     0.011 3.751e-05   0.03047        24       640    0.6077    0.7126     0.607    0.2748    0.0454   0.02294 0.0006928
   234/299     1.88G   0.01981   0.01089 3.786e-05   0.03073        25       640    0.6007    0.6938    0.6096    0.2778    0.0449   0.02263 0.0006378
   235/299     1.88G   0.01944   0.01037 3.627e-05   0.02985        24       640    0.6295    0.6938    0.6247    0.2924   0.04493   0.02286 0.0007479
   236/299     1.88G   0.02005   0.01138 3.797e-05   0.03147        25       640    0.5738    0.7119    0.6233    0.2878   0.04436   0.02164 0.0003928
   237/299     1.88G   0.02026   0.01122 3.675e-05   0.03151        27       640    0.6083    0.6938    0.6276    0.2906   0.04551   0.02211 0.0005992
   238/299     1.88G   0.01993   0.01097 3.495e-05   0.03094        10       640    0.6087    0.6923    0.6151    0.2831   0.04552   0.02196  0.000531
   239/299     1.88G   0.01966   0.01074 3.398e-05   0.03044        20       640    0.6404    0.6795    0.6167    0.2941   0.04519    0.0222 0.0006255
   240/299     1.88G   0.01998   0.01096 3.311e-05   0.03097        17       640    0.5872    0.6908    0.6121     0.286   0.04522   0.02212 0.0005066
   241/299     1.88G   0.02026   0.01112 3.392e-05   0.03142        15       640    0.6062    0.6998    0.6224    0.2888   0.04493   0.02201 0.0004493
   242/299     1.88G    0.0201   0.01107 3.386e-05    0.0312        16       640    0.5945    0.6899    0.6189    0.2836   0.04511   0.02208 0.0004573
   243/299     1.88G   0.01978   0.01078 3.251e-05   0.03059        30       640    0.5877    0.6902    0.6035    0.2773   0.04581   0.02222 0.0004925
   244/299     1.88G    0.0199   0.01077 3.304e-05    0.0307        25       640    0.6062    0.6908    0.6097    0.2846   0.04553   0.02269  0.000671
   245/299     1.88G   0.01957   0.01089 3.335e-05   0.03049        21       640    0.5941    0.6787    0.5928    0.2768   0.04488   0.02289  0.000666
   246/299     1.88G   0.01991   0.01091 3.395e-05   0.03085        21       640    0.6073    0.6787    0.6048    0.2882   0.04528   0.02262 0.0006735
   247/299     1.88G   0.01994   0.01101 3.624e-05   0.03098        23       640    0.6023    0.6817    0.6002    0.2857    0.0455   0.02226 0.0006154
   248/299     1.88G   0.01945   0.01073 3.389e-05   0.03022        16       640    0.6216    0.6712    0.6072    0.2867   0.04554   0.02274 0.0006229
   249/299     1.88G    0.0199   0.01073 3.409e-05   0.03066        28       640    0.5975    0.6998    0.6111    0.2892   0.04483   0.02251 0.0006346
   250/299     1.88G   0.01962   0.01044 3.081e-05   0.03009        25       640    0.6161    0.6667    0.5995    0.2777   0.04583   0.02279  0.000731
   251/299     1.88G   0.01962   0.01094 3.188e-05   0.03059        13       640    0.6153    0.6848    0.6208    0.2871   0.04536   0.02249 0.0007095
   252/299     1.88G   0.01923   0.01068 3.218e-05   0.02994        21       640    0.6148    0.6727    0.5946    0.2765   0.04563   0.02325 0.0008228
   253/299     1.88G   0.01963   0.01087 3.308e-05   0.03053        16       640    0.6081    0.6646    0.5927    0.2766   0.04545   0.02325 0.0007949
   254/299     1.88G   0.01962    0.0107 3.246e-05   0.03035        15       640    0.6102    0.6833    0.6012    0.2811   0.04504   0.02288 0.0006044
   255/299     1.88G   0.01939   0.01086 3.216e-05   0.03029        12       640    0.6112    0.6652    0.6048    0.2794   0.04562   0.02283 0.0008667
   256/299     1.88G   0.01946   0.01046 3.063e-05   0.02995        16       640    0.6342    0.6668    0.6199    0.2853     0.046   0.02289  0.000854
   257/299     1.88G    0.0199   0.01067 3.276e-05    0.0306        20       640    0.5992    0.6766    0.6015    0.2826   0.04575   0.02272 0.0008175
   258/299     1.88G   0.01931    0.0107 3.225e-05   0.03005        12       640    0.6055    0.6757    0.6084    0.2852   0.04501   0.02285 0.0006701
   259/299     1.88G   0.01928   0.01061 3.476e-05   0.02993        17       640    0.6191    0.6742     0.611    0.2888   0.04577   0.02293 0.0007973
   260/299     1.88G   0.01927   0.01066 2.994e-05   0.02996        22       640    0.6198    0.6787    0.6068    0.2891   0.04528   0.02317 0.0006681
   261/299     1.88G   0.01927   0.01095 3.497e-05   0.03025        15       640    0.6189    0.7014     0.621    0.2806   0.04551   0.02239 0.0005806
   262/299     1.88G   0.01902   0.01046 3.016e-05   0.02951        18       640    0.6091    0.6893    0.6247    0.2886   0.04539   0.02239 0.0004983
   263/299     1.88G   0.01932   0.01106 5.461e-05   0.03043        36       640    0.6082    0.6953    0.6236    0.2866   0.04448    0.0225 0.0005732
   264/299     1.88G   0.01924   0.01048 2.961e-05   0.02974        27       640    0.6222    0.6938    0.6197    0.2819   0.04511   0.02259 0.0005978
   265/299     1.88G   0.01887   0.01046 2.896e-05   0.02936        33       640    0.6262    0.6897    0.6187    0.2833   0.04431    0.0232 0.0004533
   266/299     1.88G   0.01862   0.01071 2.811e-05   0.02936        20       640    0.6175    0.6983    0.6149    0.2808   0.04435   0.02256 0.0005046
   267/299     1.88G   0.01855   0.01075  2.82e-05   0.02932        29       640    0.6119    0.6833    0.6083    0.2853     0.045   0.02289 0.0005979
   268/299     1.88G   0.01869   0.01055 2.816e-05   0.02928        20       640    0.6206    0.6983    0.6261    0.2943   0.04417   0.02271 0.0006488
   269/299     1.88G   0.01885   0.01036 2.781e-05   0.02924        22       640    0.6211    0.6817    0.6156    0.2948   0.04409    0.0229 0.0006923
   270/299     1.88G    0.0188   0.01041   3.1e-05   0.02924        19       640    0.6041    0.6712    0.6146    0.2882   0.04469    0.0231 0.0006408
   271/299     1.88G   0.01893   0.01032 2.882e-05   0.02929        14       640    0.6213    0.6652    0.5983    0.2803   0.04473   0.02314 0.0005386
   272/299     1.88G   0.01821    0.0104 2.865e-05   0.02863        19       640    0.6002    0.6938    0.6103    0.2795   0.04438   0.02265 0.0005475
   273/299     1.88G   0.01885   0.01052 2.785e-05    0.0294        20       640    0.6273    0.6787    0.6227    0.2893   0.04446   0.02263 0.0005878
   274/299     1.88G   0.01863   0.01066 2.716e-05   0.02931        22       640    0.6253    0.6878    0.6133    0.2773   0.04545   0.02309  0.000821
   275/299     1.88G   0.01854   0.01035 2.791e-05   0.02891        22       640    0.6011    0.6787    0.6131     0.283   0.04504   0.02259 0.0005911
   276/299     1.88G   0.01838      0.01 6.546e-05   0.02845        26       640    0.6216    0.6667     0.615    0.2848   0.04485   0.02325 0.0006112
   277/299     1.88G   0.01859   0.01043 2.644e-05   0.02904        20       640    0.5969    0.6893    0.6029     0.282   0.04473   0.02262 0.0005045
   278/299     1.88G    0.0187   0.01054 2.746e-05   0.02926        26       640    0.6161    0.6637    0.5964    0.2792   0.04523   0.02297   0.00064
   279/299     1.88G   0.01879   0.01026 2.654e-05   0.02908        13       640    0.6106    0.6811    0.6056    0.2771   0.04498   0.02314 0.0005824
   280/299     1.88G   0.01839   0.01045 2.653e-05   0.02887        14       640    0.6254    0.6893    0.6164    0.2882   0.04504   0.02312 0.0006647
   281/299     1.88G   0.01867   0.01027 2.433e-05   0.02897        19       640    0.6111    0.6742    0.6091    0.2809   0.04509   0.02319 0.0006115
   282/299    0.436G   0.01745  0.009921 2.435e-05   0.02739        22       640    0.6228    0.6893     0.625    0.2918   0.04539   0.02298 0.0008233
   283/299      1.5G   0.01763   0.01004 2.478e-05   0.02769        23       640    0.6215    0.6727    0.6149    0.2848    0.0453   0.02306 0.0007535
   284/299      1.5G   0.01774  0.009867   2.5e-05   0.02764        19       640    0.6256    0.6757     0.613    0.2841   0.04491   0.02349  0.000777
   285/299     1.51G   0.01725  0.009644 2.417e-05   0.02692        29       640    0.6353      0.67    0.6085    0.2831    0.0454   0.02361   0.00072
   286/299     1.53G   0.01766  0.009895 2.456e-05   0.02758        17       640    0.6374    0.6727    0.6035    0.2853   0.04475   0.02345 0.0008364
   287/299     1.54G   0.01757  0.009854 2.434e-05   0.02745        23       640    0.6198    0.6652    0.6071    0.2822   0.04537   0.02373 0.0008428
   288/299     1.56G   0.01774   0.01003 2.589e-05   0.02779        21       640    0.6035    0.6938    0.6218    0.2862   0.04474     0.023  0.000589
   289/299     1.56G   0.01742  0.009584 2.654e-05   0.02703        20       640    0.6144    0.6787    0.6238    0.2978   0.04539   0.02383 0.0008099
   290/299     1.56G   0.01759  0.009789 2.491e-05    0.0274        15       640    0.6506    0.6757    0.6214    0.2901   0.04564   0.02374 0.0008834
   291/299     1.56G   0.01802  0.009861  2.55e-05    0.0279        18       640    0.6203    0.6787    0.6169    0.2881   0.04574   0.02387 0.0009984
   292/299     1.56G   0.01755  0.009856 2.641e-05   0.02743        15       640    0.6202    0.6742    0.6135    0.2871   0.04618   0.02313 0.0006893
   293/299     1.56G   0.01741  0.009579 2.463e-05   0.02701        29       640    0.6527    0.6712    0.6254    0.2892   0.04533   0.02364 0.0009416
   294/299     1.56G   0.01711  0.009928 2.418e-05   0.02706        20       640    0.6308    0.6652    0.6142    0.2875   0.04537    0.0237 0.0009438
   295/299     1.56G   0.01733  0.009904   2.4e-05   0.02726        21       640    0.6516    0.6893    0.6333     0.294    0.0449   0.02356 0.0007999
   296/299     1.56G    0.0173  0.009753 2.539e-05   0.02708        10       640    0.6426    0.6848    0.6193    0.2863   0.04511   0.02344 0.0008885
   297/299     1.62G   0.01744  0.009902 2.446e-05   0.02736        19       640    0.6244    0.6471    0.5941    0.2718    0.0461   0.02421  0.001018
   298/299     1.64G   0.01711  0.009695 2.454e-05   0.02683        25       640    0.6133    0.6667    0.6078    0.2848   0.04614   0.02332   0.00091
   299/299     1.64G   0.01715  0.009619 2.478e-05   0.02679        20       640    0.6307    0.6606    0.6115    0.2901   0.04476    0.0237   0.00106
