     0/299    0.445G   0.04005   0.02104   0.00142   0.06251        22       640    0.4974    0.9246    0.8441    0.4373   0.03564   0.01486 0.0001018
     1/299     1.45G   0.03878   0.01876 0.0003478   0.05789        23       640    0.4835     0.908    0.8241    0.4146   0.03632   0.01496 0.0001058
     2/299     1.45G    0.0384   0.01849 0.0002236   0.05712        19       640    0.4576    0.9095    0.8126    0.4099   0.03602   0.01528 0.0001084
     3/299     1.45G   0.03998   0.01836 0.0003152   0.05866        29       640    0.4283    0.8793    0.7142    0.3253   0.03861   0.01606 0.0002695
     4/299     1.45G   0.04238   0.01851 0.0004357   0.06132        17       640    0.3586    0.8612    0.6977    0.3086    0.0419   0.01659 0.0003713
     5/299     1.45G   0.04194   0.01851 0.0004028   0.06085        23       640     0.482    0.8416    0.7431    0.3367   0.04055   0.01592 0.0002965
     6/299     1.45G   0.04125   0.01921  0.000329   0.06078        21       640    0.3729    0.8205    0.6654    0.2949   0.04243   0.01748 0.0004536
     7/299     1.45G   0.04088   0.01812 0.0003773   0.05938        20       640    0.3871    0.8537    0.6791    0.2893   0.04182   0.01672 0.0002415
     8/299     1.46G   0.04034    0.0187 0.0002964   0.05934        15       640    0.3653     0.825    0.6217    0.2695   0.04149   0.01736 0.0002632
     9/299     1.53G   0.04018   0.01814 0.0002937   0.05861        18       640    0.4142     0.816    0.6376    0.2759   0.04226    0.0173 0.0003125
    10/299     1.59G   0.03924   0.01842 0.0002889   0.05795        15       640    0.4095    0.8341    0.6804    0.3068   0.04169   0.01678 0.0002386
    11/299     1.59G   0.03984   0.01783 0.0002649   0.05793        29       640    0.3753    0.8356    0.6816    0.2988   0.04176   0.01681 0.0002304
    12/299     1.59G   0.03922   0.01846 0.0002439   0.05793        20       640    0.4132    0.8054    0.6418    0.2877   0.04158   0.01737 0.0002389
    13/299     1.59G   0.03854   0.01813 0.0002189   0.05689        21       640     0.404    0.8265    0.6744    0.3173   0.04082   0.01685  0.000218
    14/299      1.6G    0.0384   0.01787 0.0002278    0.0565        10       640    0.4664    0.7994    0.7159    0.3315   0.04128   0.01657 0.0002949
    15/299      1.6G   0.03852    0.0179 0.0002591   0.05667        19       640    0.4413    0.7994    0.6871    0.3074   0.04211    0.0169 0.0002252
    16/299     1.61G   0.03774   0.01784 0.0003205    0.0559        25       640    0.3828    0.7707    0.5862    0.2546     0.043   0.01782 0.0002106
    17/299     1.61G   0.03803   0.01768 0.0002003   0.05591        20       640    0.4545     0.816    0.6887    0.3102   0.04239   0.01688 0.0002721
    18/299     1.61G   0.03681   0.01759 0.0002376   0.05464        19       640    0.3874    0.8235    0.6204    0.2676   0.04267   0.01734 0.0002166
    19/299     1.61G   0.03758   0.01758 0.0002012   0.05536        17       640    0.4416    0.7722    0.6132    0.2643   0.04294   0.01782  0.000215
    20/299     1.61G   0.03789   0.01833  0.000232   0.05645        22       640     0.389    0.7421    0.5892    0.2459   0.04375   0.01824 0.0002018
    21/299     1.61G   0.03788    0.0179 0.0002114   0.05599        13       640     0.383    0.8386    0.6648    0.3007   0.04162   0.01713 0.0002354
    22/299     1.61G   0.03737   0.01792 0.0001998   0.05549        22       640    0.4522    0.7964    0.6665    0.3101   0.04152   0.01716 0.0002242
    23/299     1.61G   0.03705   0.01799 0.0001835   0.05522        19       640    0.5057    0.7949     0.667    0.2884    0.0433   0.01756 0.0002412
    24/299     1.61G   0.03671   0.01746 0.0001978   0.05437        18       640    0.4151    0.7922     0.627    0.2747   0.04223   0.01779 0.0002156
    25/299     1.61G   0.03553   0.01727 0.0001548   0.05295        22       640    0.4117    0.7873    0.6291    0.2872    0.0425   0.01777 0.0002557
    26/299     1.61G   0.03657   0.01727  0.000197   0.05404        21       640    0.4451    0.7843    0.6657    0.3052   0.04312   0.01752 0.0002858
    27/299     1.61G   0.03597   0.01709  0.000174   0.05324        24       640    0.4655    0.7843    0.6788    0.3126   0.04252   0.01733  0.000219
    28/299     1.61G   0.03578   0.01727 0.0001699   0.05322        24       640    0.4339    0.7828    0.6424    0.2853   0.04264   0.01845 0.0003305
    29/299     1.61G    0.0357   0.01695 0.0001688   0.05282        17       640    0.4303    0.7979    0.6345    0.2855   0.04306   0.01748   0.00022
    30/299     1.61G   0.03588   0.01766 0.0001928   0.05373        24       640    0.4207    0.8009    0.6422    0.2842   0.04318    0.0183 0.0002895
    31/299     1.61G   0.03548   0.01739 0.0001898   0.05307        20       640    0.4941    0.7496    0.6576    0.3044   0.04405   0.01794 0.0004394
    32/299     1.61G   0.03537   0.01722 0.0001591   0.05275        16       640    0.4676    0.7481     0.649    0.2953   0.04392   0.01799 0.0002775
    33/299     1.61G   0.03493    0.0172 0.0001688    0.0523        20       640    0.4594    0.7828    0.6615    0.2927   0.04361   0.01759 0.0002744
    34/299     1.61G   0.03471   0.01657 0.0001662   0.05145        16       640    0.4999    0.7692      0.67    0.3085   0.04327   0.01789 0.0003903
    35/299     1.61G   0.03501   0.01665 0.0001861   0.05185        18       640    0.4514    0.7888    0.6567    0.2951   0.04278   0.01758 0.0002799
    36/299     1.61G   0.03493   0.01672  0.000173   0.05183        23       640    0.5015    0.7557    0.6635    0.2953     0.044   0.01781 0.0003015
    37/299     1.61G   0.03431   0.01638 0.0001532   0.05085        18       640    0.4212    0.7994    0.6468    0.2917   0.04238   0.01809 0.0002648
    38/299     1.61G   0.03504   0.01653 0.0001591   0.05172        15       640    0.4783    0.7716    0.6634     0.293   0.04385   0.01806 0.0002828
    39/299     1.61G   0.03455    0.0169 0.0001739   0.05163        22       640    0.4503    0.7421    0.6297    0.2805   0.04319   0.01847 0.0002781
    40/299     1.61G    0.0344   0.01697 0.0001464   0.05152        21       640    0.4503    0.8084    0.6477    0.2832   0.04271   0.01764 0.0002021
    41/299     1.61G     0.034   0.01634  0.000146   0.05049        20       640    0.4707    0.7888    0.6923    0.3171   0.04326   0.01736 0.0003953
    42/299     1.61G   0.03302   0.01632 0.0001684   0.04951        23       640    0.5026    0.7813    0.6735    0.3053   0.04316   0.01803 0.0002757
    43/299     1.61G   0.03396   0.01617 0.0001732    0.0503        23       640    0.4734    0.7738    0.6453    0.2768   0.04317   0.01799 0.0001727
    44/299     1.61G   0.03306   0.01631 0.0001619   0.04954        20       640    0.5094    0.7753    0.6896    0.3168   0.04313   0.01758 0.0002581
    45/299     1.61G   0.03336    0.0163 0.0001438    0.0498        20       640    0.5123    0.7707    0.6819    0.3094   0.04323    0.0178 0.0002305
    46/299     1.61G   0.03322   0.01644 0.0001536   0.04981        17       640    0.4433    0.7813     0.638    0.2874   0.04279    0.0179 0.0002732
    47/299     1.61G   0.03351   0.01619 0.0001405   0.04985        15       640    0.4633    0.7587    0.6166    0.2638   0.04371   0.01879  0.000302
    48/299     1.61G   0.03351   0.01605 0.0001677   0.04973        27       640    0.4905    0.7783    0.6801    0.3042   0.04248   0.01791 0.0002824
    49/299     1.61G   0.03339   0.01612 0.0001499   0.04966        26       640    0.4768    0.8012      0.65    0.2927   0.04216   0.01795 0.0001988
    50/299     1.61G   0.03335   0.01628 0.0001584   0.04979        21       640    0.4805    0.7677    0.6358    0.2954   0.04306   0.01824 0.0002442
    51/299     1.61G   0.03276     0.016 0.0001453   0.04891        17       640    0.4765    0.7919    0.6545    0.2974   0.04273     0.018 0.0002461
    52/299     1.61G   0.03323   0.01585 0.0001411   0.04922        28       640    0.4909    0.7979    0.6744     0.306   0.04212   0.01743 0.0003018
    53/299     1.61G   0.03267   0.01581 0.0001404   0.04863        18       640    0.4834    0.7451    0.6296    0.2761   0.04339    0.0187 0.0003275
    54/299     1.61G   0.03322   0.01609 0.0001473   0.04946        22       640    0.4911    0.7617    0.6282     0.269   0.04384   0.01851 0.0002898
    55/299     1.61G   0.03207   0.01592 0.0001145   0.04811        15       640    0.4931    0.7511    0.6577    0.2934   0.04329   0.01847 0.0002646
    56/299     1.61G   0.03318   0.01589 0.0001578   0.04923        26       640    0.4966    0.7541    0.6338    0.2765   0.04315   0.01826 0.0003706
    57/299     1.61G   0.03224   0.01603 0.0001385   0.04841        15       640     0.482    0.7511    0.6464    0.2867    0.0443   0.01802 0.0002474
    58/299     1.61G   0.03219   0.01542 0.0001548   0.04777        24       640    0.5045    0.7572    0.6601    0.2982   0.04318   0.01833 0.0002995
    59/299     1.61G   0.03258   0.01584 0.0001462   0.04856        17       640    0.4947    0.7903    0.6784    0.3049   0.04219   0.01818 0.0003451
    60/299     1.61G   0.03216   0.01574 0.0001309   0.04804        22       640    0.4604    0.7707    0.6545    0.2817   0.04369   0.01876  0.000213
    61/299     1.61G    0.0323   0.01557 0.0001256     0.048        25       640    0.4886    0.7662    0.6441     0.294   0.04324   0.01827 0.0002486
    62/299     1.61G   0.03192   0.01601 0.0001413   0.04807        16       640    0.4584    0.7587    0.6336    0.2816   0.04411   0.01851 0.0003088
    63/299     1.61G   0.03199   0.01568 0.0001328    0.0478        12       640    0.5011    0.7587    0.6231    0.2801   0.04346   0.01869 0.0003527
    64/299     1.61G   0.03217   0.01608 0.0001227   0.04837        20       640    0.4259    0.7602    0.5859    0.2559   0.04344   0.01901 0.0002348
    65/299     1.61G    0.0318    0.0162 0.0001352   0.04813        26       640     0.441    0.7526    0.6209    0.2844   0.04317   0.01849 0.0002092
    66/299     1.61G   0.03164   0.01524 0.0001481   0.04703        12       640    0.4862    0.7237    0.6203    0.2796   0.04348   0.01939 0.0003694
    67/299     1.61G   0.03132    0.0155 0.0001206   0.04694        20       640    0.4529    0.7391    0.6052    0.2623   0.04421   0.01864 0.0001557
    68/299     1.61G   0.03124   0.01546 0.0001358   0.04684        15       640    0.4957    0.7345    0.6178    0.2764   0.04376   0.01923 0.0002785
    69/299     1.61G    0.0312   0.01564 0.0001216   0.04696        14       640    0.4394    0.7526    0.6146    0.2805   0.04404   0.01894 0.0002335
    70/299     1.61G   0.03164   0.01535 0.0001253   0.04711        15       640       0.5    0.7436     0.646    0.2956   0.04284   0.01879 0.0003748
    71/299     1.61G   0.03108   0.01536 0.0001195   0.04656        27       640     0.498    0.7632    0.6724    0.3119   0.04329   0.01872 0.0002654
    72/299     1.61G   0.03096   0.01552 0.0001326   0.04661        11       640    0.4704     0.736    0.6238    0.2829   0.04424   0.01885 0.0003017
    73/299     1.61G   0.03034   0.01532 0.0001235   0.04579        14       640    0.5109    0.7164    0.5991    0.2666   0.04501   0.01985 0.0005352
    74/299     1.61G   0.03097   0.01503 0.0001293   0.04613        22       640    0.4339    0.7919      0.65     0.288   0.04324   0.01886 0.0001936
    75/299     1.61G   0.03049    0.0152  0.000128   0.04582        12       640    0.5131    0.7451    0.6396    0.3016   0.04336   0.01902 0.0004108
    76/299     1.61G   0.03017   0.01489 0.0001091   0.04517        19       640    0.5165     0.724    0.6361    0.2849   0.04462   0.01956 0.0004071
    77/299     1.61G   0.03003   0.01505 0.0001223    0.0452        15       640    0.4732    0.7376    0.6045    0.2746   0.04429   0.01977 0.0003452
    78/299     1.61G   0.03026   0.01518 0.0001228   0.04556        23       640    0.4755    0.7511     0.643    0.2892   0.04415    0.0189 0.0003523
    79/299     1.61G    0.0308    0.0151 0.0001105   0.04601        22       640    0.4884    0.7617    0.6548    0.2917   0.04343    0.0191  0.000301
    80/299     1.61G   0.03016   0.01491 0.0001255   0.04519        16       640    0.5041     0.736    0.6392    0.2993     0.043   0.01862 0.0002364
    81/299     1.61G   0.03058   0.01492 0.0001158   0.04562        30       640    0.4799    0.7617     0.648    0.3036   0.04348   0.01893 0.0003668
    82/299     1.61G   0.03036   0.01459 0.0001056   0.04506        20       640    0.5092    0.7436     0.659    0.3034   0.04436   0.01875 0.0003286
    83/299     1.61G   0.02947   0.01501 0.0001156   0.04459        20       640    0.4967    0.7481    0.6325     0.276   0.04438   0.01889 0.0002207
    84/299     1.61G   0.02949   0.01505 0.0001196   0.04466        19       640    0.5021    0.7541    0.6522    0.3038   0.04437   0.01854 0.0003715
    85/299     1.61G   0.02994   0.01464 0.0001146    0.0447        16       640    0.5473    0.7466    0.6828    0.3242   0.04356   0.01889 0.0003644
    86/299     1.61G   0.02882   0.01477  9.29e-05   0.04368        17       640    0.5322    0.7315    0.6344    0.2843   0.04454   0.01914 0.0004592
    87/299     1.61G    0.0299   0.01541 9.768e-05    0.0454        18       640    0.5077     0.727    0.6198    0.2782   0.04433   0.01915 0.0003602
    88/299     1.61G   0.02952   0.01511 0.0001206   0.04475        24       640    0.5253    0.7345    0.6358    0.2868   0.04441    0.0192 0.0004129
    89/299     1.61G   0.02952   0.01462 0.0001097   0.04426        16       640    0.5241     0.727    0.6354    0.2897    0.0448   0.01945 0.0006422
    90/299     1.61G   0.02924   0.01495 0.0001069    0.0443        21       640    0.5307    0.7436    0.6529    0.2926   0.04359   0.01893 0.0003477
    91/299     1.61G   0.02937   0.01457 0.0001199   0.04406        26       640    0.5386    0.7376    0.6481     0.294   0.04401   0.01903 0.0004031
    92/299     1.61G   0.02888   0.01438 0.0001157   0.04338        19       640     0.535    0.7445    0.6314    0.2791   0.04352   0.01928 0.0003451
    93/299     1.61G   0.02895   0.01501 9.441e-05   0.04405        26       640    0.5274    0.7632    0.6411    0.2937   0.04296   0.01886 0.0002888
    94/299     1.61G   0.02888   0.01453 0.0001022   0.04351        21       640    0.5278    0.7315    0.6157    0.2793   0.04353   0.01942 0.0002748
    95/299     1.61G   0.02886   0.01461 0.0001123   0.04358        24       640    0.5016    0.7345    0.6213    0.2851   0.04381   0.01939 0.0003024
    96/299     1.61G   0.02857   0.01457 0.0001282   0.04327        20       640    0.5404    0.7436    0.6427    0.2932   0.04407   0.01909 0.0003434
    97/299     1.61G    0.0288   0.01457 0.0001028   0.04348        19       640    0.4995    0.7406    0.6211    0.2795    0.0445   0.01919 0.0005553
    98/299     1.61G   0.02905   0.01419 0.0001129   0.04335        20       640    0.5277    0.7587    0.6499    0.2847   0.04333   0.01937 0.0002715
    99/299     1.61G   0.02859    0.0141 0.0001139    0.0428        18       640    0.5119    0.7768    0.6566    0.2864   0.04334    0.0187  0.000238
   100/299     1.61G   0.02873   0.01436 0.0001086    0.0432        21       640     0.515      0.73    0.6213    0.2796   0.04298    0.0194 0.0005674
   101/299     1.61G   0.02865   0.01415  9.85e-05    0.0429        18       640    0.4933    0.7617    0.6323    0.2844    0.0442   0.01935 0.0003863
   102/299     1.61G   0.02849   0.01451 0.0001071    0.0431        19       640    0.4816    0.7526    0.6177     0.284   0.04397   0.01917 0.0002687
   103/299     1.61G   0.02843   0.01425 0.0001119   0.04279        20       640    0.5275    0.7406    0.6443    0.2978   0.04386   0.01967 0.0004272
   104/299     1.61G   0.02825   0.01431 0.0001057   0.04266        22       640    0.5163    0.7421    0.6154    0.2789   0.04342   0.01974 0.0005227
   105/299     1.61G   0.02784   0.01371 9.888e-05   0.04165        19       640    0.4915    0.7526    0.6252    0.2779   0.04496   0.01946 0.0004268
   106/299     1.61G    0.0283   0.01434 0.0001078   0.04274        22       640    0.5222      0.76     0.636     0.296   0.04332   0.01915 0.0003368
   107/299     1.61G   0.02826   0.01431 0.0001002   0.04267        19       640    0.5112    0.7376    0.6282     0.285   0.04463   0.01949 0.0003214
   108/299     1.61G   0.02828   0.01427 0.0001048   0.04266        30       640    0.5087    0.7511    0.6359    0.2889   0.04389   0.01915 0.0003045
   109/299     1.61G   0.02798   0.01417 9.063e-05   0.04223        23       640     0.515    0.7315    0.6112    0.2762   0.04422   0.01971 0.0003168
   110/299     1.61G   0.02757   0.01396 8.608e-05   0.04162        18       640    0.5513    0.7339    0.6284    0.2765    0.0437   0.01963 0.0004939
   111/299     1.61G   0.02766   0.01438 9.142e-05   0.04213        20       640     0.532    0.7481    0.6341    0.2878   0.04393   0.01917 0.0003758
   112/299     1.61G   0.02802   0.01424 9.172e-05   0.04235        14       640    0.5638    0.7309    0.6316    0.2825   0.04497   0.01907 0.0003802
   113/299     1.61G   0.02768   0.01371 9.617e-05   0.04148        24       640    0.4958    0.7753    0.6311    0.2891   0.04323   0.01945 0.0002807
   114/299     1.61G   0.02743   0.01365 0.0001089   0.04118        27       640     0.538    0.7421    0.6241    0.2801   0.04376    0.0198 0.0005616
   115/299     1.61G    0.0275   0.01423 9.018e-05   0.04183        24       640    0.5229    0.7496    0.6263    0.2848   0.04456   0.01954 0.0004692
   116/299     1.61G   0.02755   0.01398 0.0001039   0.04163        25       640    0.4825     0.736     0.628    0.2845   0.04411   0.01937 0.0004516
   117/299     1.61G   0.02703   0.01357 8.056e-05   0.04068        24       640    0.5509    0.7421      0.64    0.2888   0.04381   0.01935 0.0003919
