0 0.847826 0.804348 0.057971 0.155280
0 0.758454 0.198758 0.198068 0.080745
0 0.359903 0.295031 0.057971 0.040373
0 0.285024 0.395186 0.028986 0.045031
0 0.347826 0.469720 0.053140 0.029503
0 0.217391 0.829193 0.033816 0.093168
0 0.150966 0.879658 0.031401 0.072981
0 0.349034 0.866460 0.050725 0.024845
0 0.351449 0.793478 0.041063 0.018634
0 0.286232 0.680124 0.026570 0.031056
0 0.722222 0.613354 0.048309 0.034161
0 0.578502 0.864907 0.031401 0.021739
0 0.588164 0.972050 0.031401 0.018634
0 0.336957 0.686335 0.021739 0.024845