0 0.031618 0.781746 0.063235 0.119048
0 0.116176 0.674603 0.050000 0.055556
0 0.150735 0.569444 0.057353 0.087302
0 0.238235 0.472222 0.085294 0.115079
0 0.286765 0.628968 0.050000 0.055556
0 0.318382 0.569444 0.060294 0.063492
0 0.369853 0.478175 0.036765 0.071429
0 0.444853 0.453373 0.048529 0.069444
0 0.496324 0.393849 0.036765 0.037698
0 0.482353 0.141865 0.026471 0.017857
0 0.363971 0.204365 0.027941 0.023810
0 0.188235 0.800595 0.032353 0.049603
0 0.010294 0.903770 0.020588 0.033730
0 0.011765 0.982143 0.023529 0.031746